2039 0 0 0 0 0 0 0 2039 0 0 0 0 0 0 0 2037 2 -2 2 -1 1 -1 0 1457 338 194 -162 55 -46 11 -11 1809 1 -6 9 0 -6 9 0 1913 -98 0 32 16 -9 0 16 
0 0 0 0 0 0 0 0 0 0 0 0 0 0 0 0 0 0 0 0 0 0 0 0 466 -197 -252 98 -13 54 -12 17 -154 -23 13 5 4 0 0 -1 7 -1 -19 -20 2 12 1 -1 
0 0 0 0 0 0 0 0 0 0 0 0 0 0 0 0 0 0 0 0 0 0 0 0 -83 -39 55 142 -76 -55 15 -18 104 -60 38 -3 6 1 0 0 131 120 3 -39 -14 10 0 -18 
0 0 0 0 0 0 0 0 0 0 0 0 0 0 0 0 0 0 0 0 0 0 0 0 60 -46 103 -167 22 38 33 -1 217 -11 1 7 0 0 0 1 -13 7 49 44 0 -25 1 20 
0 0 0 0 0 0 0 0 0 0 0 0 0 0 0 0 0 0 0 0 0 0 0 0 -15 -9 6 0 55 17 -83 0 135 74 -50 20 -14 1 0 -1 -89 -90 -13 28 14 0 -1 1 
0 0 0 0 0 0 0 0 0 0 0 0 0 0 0 0 0 0 0 0 0 0 0 0 -16 35 -30 -1 0 -42 47 39 -25 82 -44 0 0 0 -2 0 16 -12 -66 -64 -2 19 1 -19 
0 0 0 0 0 0 0 0 0 0 0 0 0 0 0 0 0 0 0 0 0 0 0 0 -20 35 -41 49 -20 20 0 -39 -110 -1 15 -46 19 0 0 1 50 46 13 -16 -18 0 0 0 
0 0 0 0 0 0 0 0 0 0 0 0 0 0 0 0 0 0 0 0 0 0 0 0 9 0 -10 25 -47 36 -18 0 -93 -63 43 -48 15 -15 0 0 -12 11 65 71 14 -17 -1 1 
2039 0 0 0 0 0 0 0 2035 4 -3 0 0 0 0 0 1451 437 -53 40 -22 11 1 12 72 79 70 49 37 18 10 0 1709 -410 -323 -217 -111 -32 18 15 2039 0 0 0 0 0 0 0 
0 0 0 0 0 0 0 0 3 -3 2 0 0 0 0 0 516 -304 -84 24 -18 7 -9 -1 78 104 89 68 46 27 12 1 124 159 107 38 -22 -67 -67 -51 0 0 0 0 0 0 0 0 
0 0 0 0 0 0 0 0 0 0 0 0 0 0 0 0 -129 -88 220 -40 15 -9 0 0 63 81 72 51 35 20 14 0 44 59 52 42 28 11 2 0 0 0 0 0 0 0 0 0 
0 0 0 0 0 0 0 0 0 0 0 0 0 0 0 0 37 98 -80 -90 43 -25 16 0 44 53 48 31 22 4 3 0 -1 6 15 29 43 41 37 21 0 0 0 0 0 0 0 0 
0 0 0 0 0 0 0 0 0 0 0 0 0 0 0 0 -38 -24 -31 117 -1 -16 0 -20 23 29 23 19 2 0 0 0 10 14 9 9 3 1 2 0 0 0 0 0 0 0 0 0 
0 0 0 0 0 0 0 0 0 0 0 0 0 0 0 0 16 25 8 -30 -64 57 0 4 13 11 12 2 0 -1 0 -2 6 9 9 0 0 0 0 0 0 0 0 0 0 0 0 0 
0 0 0 0 0 0 0 0 0 0 0 0 0 0 0 0 -1 -11 -12 2 46 18 -48 -1 1 0 1 1 -1 -2 -1 -1 9 9 0 0 1 0 0 0 0 0 0 0 0 0 0 0 
0 0 0 0 0 0 0 0 0 0 0 0 0 0 0 0 10 0 8 0 -14 -21 39 0 0 2 0 -1 0 -1 -1 0 0 1 0 1 0 0 0 0 0 0 0 0 0 0 0 0 
1457 182 312 11 -52 -81 -19 14 827 452 77 53 -10 -2 -10 -1 22 13 13 7 7 4 7 0 310 -294 106 -37 45 -51 17 12 1929 -117 -98 -83 -54 -42 -19 -13 2039 0 0 0 0 0 0 0 
334 -117 -233 71 39 33 -12 -35 556 14 -192 -35 -25 14 0 0 14 17 14 13 9 6 8 0 -284 254 -40 -14 -27 48 -13 -19 -101 -140 -118 -96 -73 -40 -26 -16 0 0 0 0 0 0 0 0 
180 -32 -7 -175 13 33 63 38 279 -79 -32 67 7 8 1 -2 11 16 15 14 13 8 2 1 57 13 -134 106 -14 -32 16 15 -69 -86 -69 -49 -31 -11 -1 -1 0 0 0 0 0 0 0 0 
-2 -47 -8 120 -55 13 -34 -18 0 -198 22 43 -11 0 13 0 7 16 11 12 10 9 0 1 29 -98 148 -80 -11 54 -48 15 -25 -32 -23 -12 -2 5 14 4 0 0 0 0 0 0 0 0 
-159 119 -22 10 69 -63 0 -20 -58 -130 72 0 -15 0 0 0 7 10 14 8 11 3 1 1 0 35 -61 11 43 -63 43 -19 0 0 7 9 17 30 19 19 0 0 0 0 0 0 0 0 
-48 -11 110 -67 0 41 -23 0 111 109 118 -68 -42 -21 -22 0 6 10 9 1 4 4 2 1 -23 1 21 -2 -1 16 -7 3 0 0 10 17 21 21 21 2 0 0 0 0 0 0 0 0 
89 -48 -14 15 -41 -1 48 0 -39 -50 -14 -46 84 66 2 4 7 9 8 1 2 1 2 2 18 -1 -28 29 -37 24 -2 0 -2 -11 1 0 1 18 2 1 0 0 0 0 0 0 0 0 
58 11 -88 35 15 0 -19 20 0 -12 -22 -49 16 -15 -40 -18 0 2 0 1 0 1 0 0 -10 2 13 -23 28 -19 1 0 -11 -8 -1 0 1 0 0 0 0 0 0 0 0 0 0 0 
870 830 201 -152 -134 0 78 28 94 -100 78 -51 22 -10 0 0 863 -259 78 86 150 -238 -57 -15 1746 176 -119 -10 -33 14 0 0 1512 -172 -219 -110 10 -18 1 26 1805 -179 22 49 -16 -26 11 14 
114 9 -106 -55 53 56 0 -55 -105 136 -101 66 -31 7 1 -2 -410 -174 -27 -107 -100 207 39 0 -176 9 -2 -85 -44 56 -38 38 35 -11 114 53 -72 -20 -49 -53 30 27 2 1 0 -6 0 3 
-29 -28 42 36 -7 -45 0 18 85 -108 83 -49 21 0 -12 3 -150 254 143 20 -40 -23 33 39 -78 -93 54 -104 -15 11 0 1 73 126 4 -75 8 -34 1 38 -6 5 16 2 -13 -10 2 0 
-25 -8 55 5 -35 -37 32 41 -58 75 -54 28 -1 -13 15 -14 -122 211 -114 -47 77 -50 -49 -39 -47 -85 -18 28 -163 128 -67 39 240 -70 -63 5 -79 -11 2 -20 80 62 -12 -24 12 14 -15 -20 
-20 -8 32 0 -12 -14 1 1 34 -38 25 -10 -14 17 -21 6 33 -64 -94 8 0 18 3 23 -108 24 -88 58 -110 31 20 -23 172 -54 65 0 110 34 -20 21 204 171 -13 -48 13 30 0 -19 
0 -1 9 0 0 0 1 0 -13 15 -1 -16 20 -22 21 -4 37 -1 -22 96 -3 19 0 -1 -31 -59 -21 0 -44 -19 47 -40 -72 59 -64 50 0 -1 1 -38 -114 -96 0 17 -1 -2 2 1 
11 0 -11 0 0 0 0 0 2 0 -4 17 -21 24 -20 1 10 0 0 31 -62 -1 -1 -19 -29 -23 -3 -16 0 -44 70 -42 -110 11 71 -32 21 23 0 41 9 -12 -41 -15 18 3 0 0 
0 -9 -2 1 12 0 -1 0 0 -2 9 -10 13 -14 1 -3 -12 -32 35 -12 -16 17 18 18 -1 -30 -1 1 -29 0 0 -1 -157 99 10 36 28 37 60 20 -131 -109 9 25 -13 -16 18 18 
844 840 209 -151 -141 0 68 53 796 -775 277 72 -158 51 50 -57 1550 289 135 -15 -177 99 17 -28 1282 359 -120 26 32 -144 78 -13 1463 -299 80 -199 -132 184 139 -28 2034 -4 0 0 0 0 0 0 
-89 -26 96 54 -39 -54 0 35 -21 -51 6 49 -20 -14 26 -18 70 -199 137 117 -14 -243 155 38 153 87 -157 79 58 -91 77 0 69 82 -85 -131 117 124 -39 17 2 0 -4 -2 0 0 0 0 
-44 -24 46 55 -14 -53 0 36 -53 52 36 -93 27 53 -58 21 -115 -37 184 5 -117 34 29 -18 -54 118 104 -86 5 43 -14 -1 -30 44 84 52 63 -33 -48 75 -4 -4 0 0 0 0 0 0 
29 3 -47 -18 44 38 -32 -60 -2 19 32 -12 -20 12 0 -20 -110 74 -8 -5 43 -50 -2 19 160 28 -74 -70 76 -39 -33 -1 65 64 9 11 43 -12 -17 20 0 0 0 0 0 0 0 0 
-15 -3 16 2 -14 -1 0 3 -59 -8 14 -11 25 -1 -21 24 22 9 -94 49 97 -95 22 0 -100 -153 41 148 -41 15 40 -21 -48 -50 -15 -20 -14 15 21 22 0 0 0 0 0 0 0 0 
0 0 0 1 0 -3 0 4 45 24 -22 -31 0 0 0 20 1 21 -66 50 0 20 -23 -22 -1 -12 -55 -70 -21 62 -2 -39 24 0 -22 15 20 -41 -47 -19 0 0 0 0 0 0 0 0 
8 8 -8 0 0 -2 0 0 -57 -9 53 -1 2 1 -22 -1 12 -12 -15 -1 20 21 -44 0 49 21 -16 -32 61 -46 25 -21 -8 0 0 -32 -21 0 1 21 0 0 0 0 0 0 0 0 
-2 1 1 -1 -2 0 0 0 26 0 -30 -1 3 -1 0 17 22 -12 0 -22 76 -56 21 -1 83 74 20 35 -2 35 -18 -21 -11 -21 -11 11 29 18 1 0 0 0 0 0 0 0 0 0 
1304 157 319 73 38 -40 -29 -14 1080 88 137 -24 28 3 0 14 1167 143 9 -49 -24 27 1 -29 1201 -123 23 -10 0 0 0 1 1629 -112 2 -14 -11 -10 0 1 1907 -86 21 25 -7 -14 7 11 
-346 156 198 -41 -33 -56 -12 17 -689 -37 187 8 60 15 -12 16 -528 270 -6 -55 -34 36 0 -38 -833 -64 30 -16 4 0 0 0 -492 -128 19 -11 -5 -8 -1 1 -122 -96 16 24 -14 -13 -1 0 
158 95 -24 -175 -55 -32 33 37 186 -220 102 -2 42 22 -15 2 397 248 -16 -30 -21 42 0 -36 -191 98 17 -14 6 0 0 1 -331 -57 59 -6 7 -2 0 2 -34 -33 -9 -1 -5 -1 -2 0 
-148 123 -54 -28 54 0 36 19 202 -144 -35 -94 -21 11 -16 18 357 28 -11 -8 -9 41 14 -21 186 76 0 0 0 0 0 0 -151 7 87 -11 12 0 0 1 55 30 -25 -23 2 10 -2 0 
-63 85 -167 101 27 0 20 21 -110 -60 -55 -98 -54 1 -22 21 -80 -73 -13 1 0 30 18 -18 145 -75 -15 0 1 0 0 0 0 44 87 -28 14 -1 0 1 109 79 -21 -29 0 1 -1 -1 
111 -36 -33 52 -87 -20 1 19 -63 -85 34 1 -25 19 -21 2 -110 1 -12 18 1 20 0 -1 -16 -118 9 0 1 0 0 0 81 35 64 -51 1 0 0 0 110 94 -7 -16 1 0 -1 -2 
-39 -13 96 -17 -44 21 0 -1 69 -47 13 29 -21 0 -46 0 10 -38 -13 32 -1 0 0 -1 -49 0 28 -16 1 0 0 0 100 12 28 -63 0 0 0 1 79 72 13 0 0 -1 0 0 
-36 65 -66 -12 15 53 -19 0 11 54 -41 -34 -30 -18 -40 -18 -22 -111 0 12 0 0 1 -2 0 77 32 -23 0 0 0 0 60 0 10 -47 -13 0 0 0 37 42 11 2 2 0 -1 0 
